           0.00000	        6498.26500	        5580.06300	           0.00000	         241.29100
       20280.89900	        6498.18700	        5579.98700	           0.00000	         239.33161
       40561.79800	        6497.95300	        5579.75600	           0.00000	         239.33023
       60842.69700	        6497.56400	        5579.37300	           0.00000	         239.32761
       81123.59600	        6497.01800	        5578.83500	           0.00000	         239.32415
      101404.49400	        6496.31600	        5578.14400	           0.00000	         239.31972
      121685.39300	        6495.45800	        5577.30000	           0.00000	         239.31430
      141966.29200	        6494.44400	        5576.30200	           0.00000	         239.30790
      162247.19100	        6493.27400	        5575.15000	           0.00000	         239.30051
      182528.09000	        6491.94700	        5573.84400	           0.00000	         239.29213
      202808.98900	        6490.46500	        5572.38500	           0.00000	         239.28277
      223089.88800	        6488.82600	        5570.77100	           0.00000	         239.27242
      243370.78700	        6487.03000	        5569.00300	           0.00000	         239.26108
      263651.68500	        6485.07800	        5567.08100	           0.00000	         239.24875
      283932.58400	        6482.97000	        5565.00400	           0.00000	         239.23543
      304213.48300	        6480.70500	        5562.77300	           0.00000	         239.22112
      324494.38200	        6478.28300	        5560.38700	           0.00000	         239.20582
      344775.28100	        6475.70400	        5557.84600	           0.00000	         239.18952
      365056.18000	        6472.96800	        5555.15000	           0.00000	         239.17223
      385337.07900	        6470.07400	        5552.29900	           0.00000	         239.15395
      405617.97800	        6467.02400	        5549.29200	           0.00000	         239.13467
      425898.87600	        6463.81500	        5546.13000	           0.00000	         239.11439
      446179.77500	        6460.44900	        5542.81100	           0.00000	         239.09311
      466460.67400	        6456.92600	        5539.33600	           0.00000	         239.07084
      486741.57300	        6453.24400	        5535.70500	           0.00000	         239.04756
      507022.47200	        6449.40400	        5531.91700	           0.00000	         239.02328
      527303.37100	        6445.40500	        5527.97200	           0.00000	         238.99799
      547584.27000	        6441.24800	        5523.87000	           0.00000	         238.97169
      567865.16900	        6436.93200	        5519.61000	           0.00000	         238.94439
      588146.06700	        6432.45700	        5515.19200	           0.00000	         238.91608
      608426.96600	        6427.82200	        5510.61600	           0.00000	         238.88675
      628707.86500	        6423.02800	        5505.88100	           0.00000	         238.85641
      648988.76400	        6418.07400	        5500.98700	           0.00000	         238.82506
      669269.66300	        6412.96000	        5495.93300	           0.00000	         238.79268
      689550.56200	        6407.68600	        5490.72000	           0.00000	         238.75929
      709831.46100	        6402.25000	        5485.34700	           0.00000	         238.72487
      730112.36000	        6396.65400	        5479.81300	           0.00000	         238.68942
      750393.25800	        6390.89700	        5474.11800	           0.00000	         238.65295
      770674.15700	        6384.97800	        5468.26100	           0.00000	         238.61545
      790955.05600	        6378.89700	        5462.24300	           0.00000	         238.57691
      811235.95500	        6372.65400	        5456.06200	           0.00000	         238.53734
      831516.85400	        6366.24800	        5449.71800	           0.00000	         238.49673
      851797.75300	        6359.67900	        5443.21100	           0.00000	         238.45508
      872078.65200	        6352.94700	        5436.53900	           0.00000	         238.41239
      892359.55100	        6346.05100	        5429.70400	           0.00000	         238.36864
      912640.44900	        6338.99000	        5422.70300	           0.00000	         238.32385
      932921.34800	        6331.76600	        5415.53700	           0.00000	         238.27801
      953202.24700	        6324.37600	        5408.20400	           0.00000	         238.23110
      973483.14600	        6316.82100	        5400.70500	           0.00000	         238.18314
      993764.04500	        6309.10000	        5393.03800	           0.00000	         238.13411
     1014044.94400	        6301.21200	        5385.20300	           0.00000	         238.08402
     1034325.84300	        6293.15800	        5377.20000	           0.00000	         238.03286
     1054606.74200	        6284.93600	        5369.02700	           0.00000	         237.98062
     1074887.64000	        6276.54700	        5360.68400	           0.00000	         237.92730
     1095168.53900	        6267.98900	        5352.17100	           0.00000	         237.87290
     1115449.43800	        6259.26200	        5343.48500	           0.00000	         237.81742
     1135730.33700	        6250.36600	        5334.62800	           0.00000	         237.76084
     1156011.23600	        6241.30000	        5325.59800	           0.00000	         237.70317
     1176292.13500	        6232.06300	        5316.39400	           0.00000	         237.64440
     1196573.03400	        6222.65500	        5307.01500	           0.00000	         237.58453
     1216853.93300	        6213.07500	        5297.46100	           0.00000	         237.52355
     1237134.83100	        6203.32300	        5287.73100	           0.00000	         237.46145
     1257415.73000	        6193.39700	        5277.82400	           0.00000	         237.39824
     1277696.62900	        6183.29800	        5267.73900	           0.00000	         237.33391
     1297977.52800	        6173.02400	        5257.47500	           0.00000	         237.26845
     1318258.42700	        6162.57500	        5247.03200	           0.00000	         237.20185
     1338539.32600	        6151.95000	        5236.40700	           0.00000	         237.13412
     1358820.22500	        6141.14800	        5225.60100	           0.00000	         237.06525
     1379101.12400	        6130.16900	        5214.61300	           0.00000	         236.99523
     1399382.02200	        6119.01200	        5203.44100	           0.00000	         236.92405
     1419662.92100	        6107.67500	        5192.08400	           0.00000	         236.85172
     1439943.82000	        6096.15900	        5180.54200	           0.00000	         236.77821
     1460224.71900	        6084.46200	        5168.81300	           0.00000	         236.70354
     1480505.61800	        6072.58300	        5156.89600	           0.00000	         236.62769
     1500786.51700	        6060.52100	        5144.79100	           0.00000	         236.55066
     1521067.41600	        6048.27600	        5132.49500	           0.00000	         236.47243
     1541348.31500	        6035.84700	        5120.00800	           0.00000	         236.39301
     1561629.21300	        6023.23200	        5107.32900	           0.00000	         236.31239
     1581910.11200	        6010.43100	        5094.45700	           0.00000	         236.23055
     1602191.01100	        5997.44200	        5081.39000	           0.00000	         236.14750
     1622471.91000	        5984.26400	        5068.12700	           0.00000	         236.06322
     1642752.80900	        5970.89700	        5054.66700	           0.00000	         235.97771
     1663033.70800	        5957.33900	        5041.00800	           0.00000	         235.89096
     1683314.60700	        5943.58900	        5027.15000	           0.00000	         235.80296
     1703595.50600	        5929.64600	        5013.09100	           0.00000	         235.71371
     1723876.40400	        5915.50800	        4998.83000	           0.00000	         235.62320
     1744157.30300	        5901.17500	        4984.36500	           0.00000	         235.53141
     1764438.20200	        5886.64400	        4969.69600	           0.00000	         235.43835
     1784719.10100	        5871.91500	        4954.82100	           0.00000	         235.34400
     1805000.00000	        5856.98700	        4939.73800	           0.00000	         235.24835
     1805000.00000	        4034.44000	        9523.96500	        5044.50100	         235.24835
     1821792.13500	        4026.46700	        9502.11100	        5032.63500	         235.14978
     1838584.27000	        4022.26600	        9490.72400	        5029.09700	         235.01539
     1855376.40400	        4018.01500	        9479.19700	        5025.50300	         234.84790
     1872168.53900	        4013.69400	        9467.59400	        5021.90000	         234.64989
     1888960.67400	        4009.45200	        9455.93500	        5018.32100	         234.42381
     1905752.80900	        4004.65900	        9443.85200	        5014.68600	         234.17199
     1922544.94400	        4000.73200	        9432.25400	        5011.06500	         233.89659
     1939337.07900	        3988.81700	        9388.51600	        4985.81300	         233.59965
     1956129.21300	        3976.58700	        9342.64700	        4959.51500	         233.28298
     1972921.34800	        3964.89000	        9298.09300	        4934.44200	         232.94824
     1989713.48300	        3953.58600	        9254.26100	        4910.26000	         232.59700
     2006505.61800	        3942.66900	        9211.21000	        4886.91000	         232.23076
     2023297.75300	        3932.01700	        9168.59100	        4864.17800	         231.85090
     2040089.88800	        3921.65400	        9126.46800	        4842.08600	         231.45875
     2056882.02200	        3915.10600	        9104.41000	        4832.70000	         231.05553
     2073674.15700	        3910.34100	        9091.54400	        4829.04500	         230.64247
     2090466.29200	        3905.31300	        9078.27000	        4825.39800	         230.22075
     2107258.42700	        3900.61300	        9065.39100	        4821.73200	         229.79146
     2124050.56200	        3895.58500	        9052.01400	        4818.11100	         229.35563
     2140842.69700	        3890.64700	        9038.67800	        4814.47800	         228.91419
     2157634.83100	        3885.59000	        9025.15200	        4810.89100	         228.46803
     2174426.96600	        3880.50100	        9011.44100	        4807.24600	         228.01796
     2191219.10100	        3875.36900	        8997.66200	        4803.65500	         227.56474
     2208011.23600	        3870.16400	        8983.68800	        4800.06400	         227.10905
     2224803.37100	        3864.92000	        8969.58300	        4796.45200	         226.65155
     2241595.50600	        3859.64600	        8955.38400	        4792.86800	         226.19281
     2258387.64000	        3854.32600	        8941.07500	        4789.30400	         225.73339
     2275179.77500	        3821.42200	        8814.70900	        4710.68200	         225.27370
     2291971.91000	        3770.11600	        8619.08700	        4585.70200	         224.81373
     2308764.04500	        3725.51000	        8454.81100	        4481.61700	         224.35317
     2325556.18000	        3714.27600	        8418.19900	        4463.04000	         223.89189
     2342348.31500	        3708.56300	        8402.33500	        4458.43100	         223.43017
     2359140.44900	        3702.05400	        8384.07300	        4452.61300	         222.96843
     2375932.58400	        3696.26000	        8367.72500	        4447.81600	         222.50707
     2392724.71900	        3687.96300	        8343.38500	        4438.50600	         222.04646
     2409516.85400	        3680.33800	        8320.85300	        4430.27200	         221.58691
     2426308.98900	        3673.23900	        8299.81400	        4422.93300	         221.12869
     2443101.12400	        3666.52600	        8279.87900	        4416.26100	         220.67210
     2459893.25800	        3659.94900	        8260.64700	        4410.46700	         220.21737
     2476685.39300	        3653.81400	        8242.28000	        4404.71200	         219.76474
     2493477.52800	        3647.86000	        8224.39100	        4399.25300	         219.31443
     2510269.66300	        3642.06900	        8206.86000	        4394.02500	         218.86665
     2527061.79800	        3636.34000	        8189.98100	        4389.31600	         218.42157
     2543853.93300	        3630.74800	        8172.89200	        4384.32400	         217.97937
     2560646.06700	        3625.22700	        8156.14100	        4379.60000	         217.54020
     2577438.20200	        3619.71200	        8139.39500	        4374.94500	         217.10419
     2594230.33700	        3614.34400	        8123.15200	        4370.59200	         216.67148
     2611022.47200	        3608.85800	        8106.43000	        4365.99600	         216.24217
     2627814.60700	        3603.48300	        8090.07900	        4361.63700	         215.81636
     2644606.74200	        3598.09000	        8073.63400	        4357.25200	         215.39414
     2661398.87600	        3592.72800	        8057.34000	        4353.02900	         214.97559
     2678191.01100	        3587.28500	        8040.76000	        4348.61200	         214.56077
     2694983.14600	        3581.91100	        8024.17800	        4344.26000	         214.14973
     2711775.28100	        3576.54700	        8007.54900	        4339.86200	         213.74252
     2728567.41600	        3571.15600	        7990.89100	        4335.51500	         213.33919
     2745359.55100	        3565.70900	        7974.04800	        4331.09200	         212.93975
     2762151.68500	        3560.26300	        7957.25100	        4326.75900	         212.54424
     2778943.82000	        3554.80000	        7940.14000	        4322.26100	         212.15268
     2795735.95500	        3549.30500	        7922.98600	        4317.78800	         211.76506
     2812528.09000	        3543.78400	        7905.69800	        4313.28800	         211.38140
     2829320.22500	        3538.19300	        7888.05200	        4308.61900	         211.00169
     2846112.36000	        3532.59600	        7870.41800	        4304.03900	         210.62593
     2862904.49400	        3526.94000	        7852.41100	        4299.31100	         210.25411
     2879696.62900	        3521.25400	        7834.27300	        4294.56200	         209.88621
     2896488.76400	        3515.50100	        7815.79300	        4289.69500	         209.52221
     2913280.89900	        3509.69500	        7797.05300	        4284.76600	         209.16210
     2930073.03400	        3503.82700	        7777.91800	        4279.70500	         208.80583
     2946865.16900	        3497.89600	        7758.39900	        4274.51800	         208.45340
     2963657.30300	        3493.37600	        7745.69900	        4273.70300	         208.10476
     2980449.43800	        3490.09000	        7738.75500	        4276.53700	         207.75990
     2997241.57300	        3487.12900	        7733.47400	        4280.43600	         207.41880
     3014033.70800	        3484.52000	        7729.57300	        4285.22600	         207.08148
     3030825.84300	        3482.22100	        7727.29100	        4291.08800	         206.74791
     3047617.97800	        3480.29800	        7726.79100	        4298.01700	         206.41810
     3064410.11200	        3478.71900	        7727.96100	        4306.00400	         206.09204
     3081202.24700	        3477.49700	        7731.07300	        4315.16700	         205.76973
     3097994.38200	        3476.64600	        7735.55400	        4325.20000	         205.45116
     3114786.51700	        3476.14900	        7741.76400	        4336.28400	         205.13634
     3131578.65200	        3476.02700	        7749.83700	        4348.51300	         204.82525
     3148370.78700	        3476.27500	        7759.86500	        4362.10700	         204.51790
     3165162.92100	        3476.89700	        7771.61500	        4376.28500	         204.21429
     3181955.05600	        3477.87400	        7785.64400	        4391.87400	         203.91441
     3198747.19100	        3479.25000	        7802.51400	        4409.01200	         203.61826
     3215539.32600	        3480.99600	        7821.24200	        4427.31900	         203.32585
     3232331.46100	        3483.04100	        7841.49400	        4446.64600	         203.03717
     3249123.59600	        3485.36300	        7863.32300	        4467.11300	         202.75223
     3265915.73000	        3487.97000	        7886.92300	        4488.75600	         202.47102
     3282707.86500	        3490.76900	        7911.86200	        4511.51400	         202.19354
     3299500.00000	        3494.77100	        7943.16800	        4538.58400	         201.91978
     3299500.00000	        2900.00000	        7050.00000	        4070.31900	         201.91978
     3304500.00000	        2900.00000	        7025.00000	        4055.88600	         201.83873
     3309500.00000	        2900.00000	        7000.00000	        4041.45200	         201.75750
     3314500.00000	        2900.00000	        6975.00000	        4027.01800	         201.67610
     3319500.00000	        2900.00000	        6950.00000	        4012.58400	         201.59452
     3324500.00000	        2900.00000	        6925.00000	        3998.15100	         201.51279
     3329500.00000	        2900.00000	        6900.00000	        3983.71700	         201.43090
     3334500.00000	        2900.00000	        6875.00000	        3969.28300	         201.34885
     3339500.00000	        2900.00000	        6850.00000	        3954.84900	         201.26667
     3339500.00000	        2600.00000	        5750.00000	        3319.76400	         201.26667
     3344500.00000	        2600.00000	        5715.00000	        3299.55700	         201.18422
     3349500.00000	        2600.00000	        5680.00000	        3279.35000	         201.10138
     3354500.00000	        2600.00000	        5645.00000	        3259.14200	         201.01817
     3359500.00000	        2600.00000	        5610.00000	        3238.93500	         200.93458
     3364500.00000	        2600.00000	        5575.00000	        3218.72800	         200.85063
     3369500.00000	        2600.00000	        5540.00000	        3198.52000	         200.76633
     3374500.00000	        2600.00000	        5505.00000	        3178.31300	         200.68169
     3379500.00000	        2600.00000	        5470.00000	        3158.10600	         200.59671
     3384500.00000	        2600.00000	        5435.00000	        3137.89900	         200.51140
     3389500.00000	        2600.00000	        5400.00000	        3117.69100	         200.42577