model_eh70cold                                                                            
0 1.0 1
84 0 7 73
      0.  7496.17  5734.57     0.00   1500.0    167.9  5734.57     0.00  1.00000
 281417.  7477.21  5716.54     0.00   1500.0    160.9  5716.54     0.00  1.00000
 562833.  7420.05  5662.16     0.00   1500.0    144.3  5662.16     0.00  1.00000
 844250.  7323.79  5570.60     0.00   1500.0    127.5  5570.60     0.00  1.00000
1125667.  7186.83  5440.30     0.00   1500.0    118.7  5440.30     0.00  1.00000
1407083.  7006.66  5268.87     0.00   1500.0    122.0  5268.87     0.00  1.00000
1688500.  6779.50  5052.70     0.00   1500.0    144.5  5052.70     0.00  1.00000
1689500.  4112.27 10179.51  5446.31   1500.0    118.7 10179.51  5446.31  1.00000
1714500.  4097.34 10130.14  5417.16   1500.0    118.4 10130.14  5417.16  1.00000
1739500.  4078.40 10067.48  5378.44   1500.0    118.2 10067.48  5378.44  1.00000
1764500.  4064.12 10020.03  5352.42   1500.0    118.1 10020.03  5352.42  1.00000
1789500.  4050.95  9973.09  5327.92   1500.0    118.0  9973.09  5327.92  1.00000
1814500.  4039.83  9936.51  5311.36   1500.0    118.1  9936.51  5311.36  1.00000
1839500.  4027.50  9896.58  5292.81   1500.0    118.2  9896.58  5292.81  1.00000
1864500.  4013.86  9852.85  5271.90   1500.0    118.4  9852.85  5271.90  1.00000
1889500.  3997.93  9802.75  5246.96   1500.0    118.7  9802.75  5246.96  1.00000
1914500.  3790.52  9317.01  4982.37   1500.0    119.1  9317.01  4982.37  1.00000
1939500.  3780.82  9292.87  4977.64   1500.0    119.6  9292.87  4977.64  1.00000
1964500.  3771.73  9268.43  4972.51   1500.0    120.1  9268.43  4972.51  1.00000
1989500.  3763.63  9245.21  4967.26   1500.0    120.8  9245.21  4967.26  1.00000
2014500.  3756.14  9222.18  4961.79   1500.0    121.6  9222.18  4961.79  1.00000
2039500.  3748.82  9199.17  4956.07   1500.0    122.4  9199.17  4956.07  1.00000
2064500.  3741.82  9176.38  4950.29   1500.0    123.3  9176.38  4950.29  1.00000
2089500.  3734.90  9153.37  4944.42   1500.0    124.4  9153.37  4944.42  1.00000
2114500.  3728.12  9130.41  4938.45   1500.0    125.5  9130.41  4938.45  1.00000
2139500.  3721.38  9107.27  4932.29   1500.0    126.6  9107.27  4932.29  1.00000
2164500.  3714.78  9084.30  4926.15   1500.0    127.9  9084.30  4926.15  1.00000
2189500.  3708.11  9060.99  4919.87   1500.0    129.2  9060.99  4919.87  1.00000
2214500.  3698.38  9023.05  4904.75   1500.0    130.5  9023.05  4904.75  1.00000
2239500.  3687.43  8978.13  4885.80   1500.0    132.0  8978.13  4885.80  1.00000
2264500.  3677.33  8935.83  4868.32   1500.0    133.4  8935.83  4868.32  1.00000
2289500.  3668.86  8903.18  4856.83   1500.0    134.9  8903.18  4856.83  1.00000
2314500.  3661.43  8877.79  4849.70   1500.0    136.5  8877.79  4849.70  1.00000
2339500.  3654.32  8852.85  4842.77   1500.0    138.1  8852.85  4842.77  1.00000
2364500.  3625.85  8746.40  4780.41   1500.0    139.7  8746.40  4780.41  1.00000
2389500.  3607.09  8678.25  4744.17   1500.0    141.3  8678.25  4744.17  1.00000
2414500.  3599.93  8653.04  4736.90   1500.0    142.8  8653.04  4736.90  1.00000
2439500.  3592.91  8627.79  4729.44   1500.0    144.4  8627.79  4729.44  1.00000
2464500.  3585.82  8602.65  4722.22   1500.0    146.0  8602.65  4722.22  1.00000
2489500.  3578.71  8577.15  4714.68   1500.0    147.5  8577.15  4714.68  1.00000
2514500.  3571.41  8551.13  4706.92   1500.0    149.0  8551.13  4706.92  1.00000
2539500.  3564.20  8525.26  4699.24   1500.0    150.3  8525.26  4699.24  1.00000
2564500.  3556.82  8498.75  4691.31   1500.0    151.7  8498.75  4691.31  1.00000
2589500.  3549.45  8472.44  4683.53   1500.0    152.9  8472.44  4683.53  1.00000
2614500.  3541.90  8445.55  4675.39   1500.0    154.0  8445.55  4675.39  1.00000
2639500.  3515.71  8234.36  4506.29   1500.0    154.9  8234.36  4506.29  1.00000
2664500.  3508.39  8207.57  4500.78   1500.0    155.7  8207.57  4500.78  1.00000
2689500.  3501.02  8179.93  4494.71   1500.0    156.4  8179.93  4494.71  1.00000
2714500.  3493.19  8150.51  4488.21   1500.0    156.8  8150.51  4488.21  1.00000
2739500.  3485.65  8122.81  4482.48   1500.0    157.1  8122.81  4482.48  1.00000
2764500.  3478.04  8094.80  4476.67   1500.0    157.1  8094.80  4476.67  1.00000
2789500.  3470.32  8065.87  4470.30   1500.0    157.0  8065.87  4470.30  1.00000
2814500.  3462.17  8035.38  4463.64   1500.0    156.6  8035.38  4463.64  1.00000
2839500.  3454.25  8006.22  4457.52   1500.0    156.0  8006.22  4457.52  1.00000
2864500.  3446.00  7974.22  4450.23   1500.0    155.1  7974.22  4450.23  1.00000
2889500.  3437.67  7942.35  4443.11   1500.0    154.0  7942.35  4443.11  1.00000
2914500.  3430.13  7914.67  4438.73   1500.0    154.0  7914.67  4438.73  1.00000
2939500.  3427.16  7913.20  4449.39   1500.0    157.1  7913.20  4449.39  1.00000
2964500.  3425.23  7914.98  4461.32   1500.0    154.9  7914.98  4461.32  1.00000
2989500.  3423.46  7918.62  4475.09   1500.0    145.7  7918.62  4475.09  1.00000
3014500.  3422.14  7924.00  4489.46   1500.0    133.2  7924.00  4489.46  1.00000
3039500.  3382.37  7722.66  4388.32   1500.0    135.2  7722.66  4388.32  1.00000
3064500.  3396.69  7815.04  4452.35   1500.0    150.5  7815.04  4452.35  1.00000
3089500.  3411.83  7907.98  4515.41   1500.0    118.1  7907.98  4515.41  1.00000
3114500.  3425.14  7994.91  4575.76   1500.0    249.0  7994.91  4575.76  1.00000
3139500.  3436.60  8079.76  4635.52   1500.0    600.0  8079.76  4635.52  1.00000
3164500.  3431.89  8068.94  4641.06   1500.0    600.0  8068.94  4641.06  1.00000
3189500.  3426.98  8057.64  4646.31   1500.0    600.0  8057.64  4646.31  1.00000
3214500.  3421.97  8045.88  4651.36   1500.0    600.0  8045.88  4651.36  1.00000
3239500.  3416.84  8033.55  4656.17   1500.0    600.0  8033.55  4656.17  1.00000
3264500.  3411.58  8020.56  4660.69   1500.0    600.0  8020.56  4660.69  1.00000
3289500.  3406.20  8006.90  4664.91   1500.0    600.0  8006.90  4664.91  1.00000
3314500.  3400.62  7992.34  4668.74   1500.0    600.0  7992.34  4668.74  1.00000
3339500.  3009.06  7069.97  4140.95   1500.0    600.0  7069.97  4140.95  1.00000
3344500.  2961.88  6959.33  4078.30   1500.0    600.0  6959.33  4078.30  1.00000
3349500.  2914.70  6848.35  4015.40   1500.0    600.0  6848.35  4015.40  1.00000
3354500.  2867.54  6737.56  3952.54   1500.0    600.0  6737.56  3952.54  1.00000
3359500.  2820.40  6626.70  3889.59   1500.0    600.0  6626.70  3889.59  1.00000
3364500.  2773.05  6514.48  3825.83   1500.0    600.0  6514.48  3825.83  1.00000
3369500.  2725.74  6402.32  3762.03   1500.0    600.0  6402.32  3762.03  1.00000
3374500.  2678.44  6290.19  3698.19   1500.0    600.0  6290.19  3698.19  1.00000
3379500.  2553.04  5940.31  3479.33   1500.0    600.0  5940.31  3479.33  1.00000
3384500.  2507.10  5832.59  3418.06   1500.0    600.0  5832.59  3418.06  1.00000
3389490.  2382.70  5117.20  2601.71   1500.0    600.0  5117.20  2601.71  1.00000
