model_DWTh2Ref1                                                                                 
0 1.0 1
233 0 100 200
      0.  7143.63  5377.12     0.00  57823.0    143.0  5377.12     0.00  1.00000
  16465.  7143.56  5377.07     0.00  57823.0    143.0  5377.07     0.00  1.00000
  32929.  7143.35  5376.92     0.00  57823.0    143.0  5376.92     0.00  1.00000
  49394.  7142.99  5376.66     0.00  57823.0    143.0  5376.66     0.00  1.00000
  65859.  7142.49  5376.31     0.00  57823.0    143.0  5376.31     0.00  1.00000
  82323.  7141.85  5375.86     0.00  57823.0    143.0  5375.86     0.00  1.00000
  98788.  7141.07  5375.31     0.00  57823.0    143.0  5375.31     0.00  1.00000
 115253.  7140.15  5374.65     0.00  57823.0    143.0  5374.65     0.00  1.00000
 131717.  7139.08  5373.90     0.00  57823.0    143.0  5373.90     0.00  1.00000
 148182.  7137.88  5373.04     0.00  57823.0    143.0  5373.04     0.00  1.00000
 164646.  7136.53  5372.09     0.00  57823.0    143.0  5372.09     0.00  1.00000
 181111.  7135.03  5371.03     0.00  57823.0    143.0  5371.03     0.00  1.00000
 197576.  7133.40  5369.87     0.00  57823.0    143.0  5369.87     0.00  1.00000
 214040.  7131.62  5368.61     0.00  57823.0    143.0  5368.61     0.00  1.00000
 230505.  7129.70  5367.26     0.00  57823.0    143.0  5367.26     0.00  1.00000
 246970.  7127.64  5365.80     0.00  57823.0    143.0  5365.80     0.00  1.00000
 263434.  7125.44  5364.24     0.00  57823.0    143.0  5364.24     0.00  1.00000
 279899.  7123.10  5362.58     0.00  57823.0    143.0  5362.58     0.00  1.00000
 296364.  7120.61  5360.82     0.00  57823.0    143.0  5360.82     0.00  1.00000
 312828.  7117.98  5358.96     0.00  57823.0    143.0  5358.96     0.00  1.00000
 329293.  7115.20  5357.00     0.00  57823.0    143.0  5357.00     0.00  1.00000
 345758.  7112.29  5354.94     0.00  57823.0    143.0  5354.94     0.00  1.00000
 362222.  7109.23  5352.78     0.00  57823.0    143.0  5352.78     0.00  1.00000
 378687.  7106.03  5350.52     0.00  57823.0    143.0  5350.52     0.00  1.00000
 395152.  7102.69  5348.16     0.00  57823.0    143.0  5348.16     0.00  1.00000
 411616.  7099.20  5345.70     0.00  57823.0    143.0  5345.70     0.00  1.00000
 428081.  7095.57  5343.15     0.00  57823.0    143.0  5343.15     0.00  1.00000
 444545.  7091.80  5340.48     0.00  57823.0    143.0  5340.48     0.00  1.00000
 461010.  7087.89  5337.73     0.00  57823.0    143.0  5337.73     0.00  1.00000
 477475.  7083.83  5334.87     0.00  57823.0    143.0  5334.87     0.00  1.00000
 493939.  7079.63  5331.91     0.00  57823.0    143.0  5331.91     0.00  1.00000
 510404.  7075.29  5328.85     0.00  57823.0    143.0  5328.85     0.00  1.00000
 526869.  7070.80  5325.69     0.00  57823.0    143.0  5325.69     0.00  1.00000
 543333.  7066.18  5322.43     0.00  57823.0    143.0  5322.43     0.00  1.00000
 559798.  7061.40  5319.08     0.00  57823.0    143.0  5319.08     0.00  1.00000
 576263.  7056.49  5315.62     0.00  57823.0    143.0  5315.62     0.00  1.00000
 592727.  7051.43  5312.06     0.00  57823.0    143.0  5312.06     0.00  1.00000
 609192.  7046.23  5308.41     0.00  57823.0    143.0  5308.41     0.00  1.00000
 625657.  7040.88  5304.65     0.00  57823.0    143.0  5304.65     0.00  1.00000
 642121.  7035.40  5300.80     0.00  57823.0    143.0  5300.80     0.00  1.00000
 658586.  7029.77  5296.85     0.00  57823.0    143.0  5296.85     0.00  1.00000
 675051.  7023.99  5292.80     0.00  57823.0    143.0  5292.80     0.00  1.00000
 691515.  7018.07  5288.65     0.00  57823.0    143.0  5288.65     0.00  1.00000
 707980.  7012.01  5284.40     0.00  57823.0    143.0  5284.40     0.00  1.00000
 724444.  7005.81  5280.05     0.00  57823.0    143.0  5280.05     0.00  1.00000
 740909.  6999.46  5275.60     0.00  57823.0    143.0  5275.60     0.00  1.00000
 757374.  6992.97  5271.05     0.00  57823.0    143.0  5271.05     0.00  1.00000
 773838.  6986.33  5266.40     0.00  57823.0    143.0  5266.40     0.00  1.00000
 790303.  6979.56  5261.66     0.00  57823.0    143.0  5261.66     0.00  1.00000
 806768.  6972.63  5256.82     0.00  57823.0    143.0  5256.82     0.00  1.00000
 823232.  6965.57  5251.88     0.00  57823.0    143.0  5251.88     0.00  1.00000
 839697.  6958.36  5246.83     0.00  57823.0    143.0  5246.83     0.00  1.00000
 856162.  6951.01  5241.69     0.00  57823.0    143.0  5241.69     0.00  1.00000
 872626.  6943.51  5236.45     0.00  57823.0    143.0  5236.45     0.00  1.00000
 889091.  6935.87  5231.12     0.00  57823.0    143.0  5231.12     0.00  1.00000
 905556.  6928.09  5225.68     0.00  57823.0    143.0  5225.68     0.00  1.00000
 922020.  6920.16  5220.14     0.00  57823.0    143.0  5220.14     0.00  1.00000
 938485.  6912.09  5214.51     0.00  57823.0    143.0  5214.51     0.00  1.00000
 954949.  6903.88  5208.78     0.00  57823.0    143.0  5208.78     0.00  1.00000
 971414.  6895.52  5202.94     0.00  57823.0    143.0  5202.94     0.00  1.00000
 987879.  6887.02  5197.01     0.00  57823.0    143.0  5197.01     0.00  1.00000
1004343.  6878.38  5190.98     0.00  57823.0    143.0  5190.98     0.00  1.00000
1020808.  6869.59  5184.85     0.00  57823.0    143.0  5184.85     0.00  1.00000
1037273.  6860.66  5178.62     0.00  57823.0    143.0  5178.62     0.00  1.00000
1053737.  6851.58  5172.29     0.00  57823.0    143.0  5172.29     0.00  1.00000
1070202.  6842.37  5165.86     0.00  57823.0    143.0  5165.86     0.00  1.00000
1086667.  6833.01  5159.33     0.00  57823.0    143.0  5159.33     0.00  1.00000
1103131.  6823.51  5152.70     0.00  57823.0    143.0  5152.70     0.00  1.00000
1119596.  6813.86  5145.98     0.00  57823.0    143.0  5145.98     0.00  1.00000
1136061.  6804.07  5139.15     0.00  57823.0    143.0  5139.15     0.00  1.00000
1152525.  6794.14  5132.22     0.00  57823.0    143.0  5132.22     0.00  1.00000
1168990.  6784.07  5125.18     0.00  57823.0    143.0  5125.18     0.00  1.00000
1185455.  6773.85  5118.05     0.00  57823.0    143.0  5118.05     0.00  1.00000
1201919.  6763.50  5110.82     0.00  57823.0    143.0  5110.82     0.00  1.00000
1218384.  6753.00  5103.48     0.00  57823.0    143.0  5103.48     0.00  1.00000
1234848.  6742.36  5096.05     0.00  57823.0    143.0  5096.05     0.00  1.00000
1251313.  6731.57  5088.51     0.00  57823.0    143.0  5088.51     0.00  1.00000
1267778.  6720.65  5080.86     0.00  57823.0    143.0  5080.86     0.00  1.00000
1284242.  6709.58  5073.12     0.00  57823.0    143.0  5073.12     0.00  1.00000
1300707.  6698.37  5065.27     0.00  57823.0    143.0  5065.27     0.00  1.00000
1317172.  6687.02  5057.31     0.00  57823.0    143.0  5057.31     0.00  1.00000
1333636.  6675.53  5049.26     0.00  57823.0    143.0  5049.26     0.00  1.00000
1350101.  6663.90  5041.09     0.00  57823.0    143.0  5041.09     0.00  1.00000
1366566.  6652.12  5032.82     0.00  57823.0    143.0  5032.82     0.00  1.00000
1383030.  6640.21  5024.44     0.00  57823.0    143.0  5024.44     0.00  1.00000
1399495.  6628.16  5015.96     0.00  57823.0    143.0  5015.96     0.00  1.00000
1415960.  6615.96  5007.37     0.00  57823.0    143.0  5007.37     0.00  1.00000
1432424.  6603.63  4998.67     0.00  57823.0    143.0  4998.67     0.00  1.00000
1448889.  6591.15  4989.86     0.00  57823.0    143.0  4989.86     0.00  1.00000
1465354.  6578.54  4980.94     0.00  57823.0    143.0  4980.94     0.00  1.00000
1481818.  6565.78  4971.92     0.00  57823.0    143.0  4971.92     0.00  1.00000
1498283.  6552.89  4962.77     0.00  57823.0    143.0  4962.77     0.00  1.00000
1514747.  6539.85  4953.52     0.00  57823.0    143.0  4953.52     0.00  1.00000
1531212.  6526.68  4944.15     0.00  57823.0    143.0  4944.15     0.00  1.00000
1547677.  6513.37  4934.67     0.00  57823.0    143.0  4934.67     0.00  1.00000
1564141.  6499.92  4925.07     0.00  57823.0    143.0  4925.07     0.00  1.00000
1580606.  6486.33  4915.35     0.00  57823.0    143.0  4915.35     0.00  1.00000
1597071.  6472.60  4905.52     0.00  57823.0    143.0  4905.52     0.00  1.00000
1613535.  6458.73  4895.56     0.00  57823.0    143.0  4895.56     0.00  1.00000
1630000.  6444.73  4885.48     0.00  57823.0    143.0  4885.48     0.00  1.00000
1630000.  4095.49  9652.59  5082.63  57823.0    143.0  9652.59  5082.63  1.00000
1646864.  4091.44  9641.52  5078.71  57823.0    143.0  9641.52  5078.71  1.00000
1663727.  4087.39  9630.45  5074.80  57823.0    143.0  9630.45  5074.80  1.00000
1680591.  4083.31  9619.31  5070.82  57823.0    143.0  9619.31  5070.82  1.00000
1697455.  4079.23  9608.17  5066.86  57823.0    143.0  9608.17  5066.86  1.00000
1714318.  4075.15  9597.02  5062.89  57823.0    143.0  9597.02  5062.89  1.00000
1731182.  4071.05  9585.84  5058.90  57823.0    143.0  9585.84  5058.90  1.00000
1748045.  4066.95  9574.65  5054.91  57823.0    143.0  9574.65  5054.91  1.00000
1764909.  4062.84  9563.42  5050.90  57823.0    143.0  9563.42  5050.90  1.00000
1781773.  4058.69  9552.10  5046.82  57823.0    143.0  9552.10  5046.82  1.00000
1798636.  4054.55  9540.81  5042.78  57823.0    143.0  9540.81  5042.78  1.00000
1815500.  4050.39  9529.47  5038.71  57823.0    143.0  9529.47  5038.71  1.00000
1832364.  4046.19  9518.04  5034.57  57823.0    143.0  9518.04  5034.57  1.00000
1849227.  4042.01  9506.63  5030.47  57823.0    143.0  9506.63  5030.47  1.00000
1866091.  4037.80  9495.17  5026.34  57823.0    143.0  9495.17  5026.34  1.00000
1882955.  4033.58  9483.67  5022.19  57823.0    143.0  9483.67  5022.19  1.00000
1899818.  4029.33  9472.12  5018.01  57823.0    143.0  9472.12  5018.01  1.00000
1916682.  4019.46  9442.92  5001.02  57823.0    143.0  9442.92  5001.02  1.00000
1933545.  4015.44  9431.04  4997.00  57823.0    143.0  9431.04  4997.00  1.00000
1950409.  4011.40  9419.11  4992.97  57823.0    143.0  9419.11  4992.97  1.00000
1967273.  4007.35  9407.13  4988.94  57823.0    143.0  9407.13  4988.94  1.00000
1984136.  4003.25  9394.98  4984.82  57823.0    143.0  9394.98  4984.82  1.00000
2001000.  3995.58  9367.01  4970.29  57823.0    143.0  9367.01  4970.29  1.00000
2017864.  3984.26  9322.18  4944.86  57823.0    143.0  9322.18  4944.86  1.00000
2034727.  3973.27  9277.85  4920.09  57823.0    143.0  9277.85  4920.09  1.00000
2051591.  3962.65  9234.24  4896.11  57823.0    143.0  9234.24  4896.11  1.00000
2068455.  3952.25  9190.79  4872.53  57823.0    143.0  9190.79  4872.53  1.00000
2085318.  3942.07  9147.48  4849.36  57823.0    143.0  9147.48  4849.36  1.00000
2102182.  3932.10  9104.37  4826.60  57823.0    143.0  9104.37  4826.60  1.00000
2119045.  3926.67  9086.08  4819.03  57823.0    143.0  9086.08  4819.03  1.00000
2135909.  3920.72  9069.42  4812.49  57823.0    143.0  9069.42  4812.49  1.00000
2152773.  3912.10  9046.05  4802.09  57823.0    143.0  9046.05  4802.09  1.00000
2169636.  3903.98  9023.64  4792.46  57823.0    143.0  9023.64  4792.46  1.00000
2186500.  3895.94  9001.21  4783.01  57823.0    143.0  9001.21  4783.01  1.00000
2203364.  3888.05  8978.90  4773.83  57823.0    143.0  8978.90  4773.83  1.00000
2220227.  3880.43  8957.08  4765.10  57823.0    143.0  8957.08  4765.10  1.00000
2237091.  3872.95  8935.40  4756.62  57823.0    143.0  8935.40  4756.62  1.00000
2253955.  3865.62  8913.89  4748.39  57823.0    143.0  8913.89  4748.39  1.00000
2270818.  3853.02  8870.74  4725.97  57823.0    143.0  8870.74  4725.97  1.00000
2287682.  3786.83  8618.83  4565.73  57823.0    143.0  8618.83  4565.73  1.00000
2304545.  3740.94  8451.54  4461.59  57823.0    143.0  8451.54  4461.59  1.00000
2321409.  3734.61  8432.59  4455.30  57823.0    143.0  8432.59  4455.30  1.00000
2338273.  3728.38  8413.76  4449.19  57823.0    143.0  8413.76  4449.19  1.00000
2355136.  3722.15  8394.76  4443.06  57823.0    143.0  8394.76  4443.06  1.00000
2372000.  3715.95  8375.68  4436.99  57823.0    143.0  8375.68  4436.99  1.00000
2388864.  3707.38  8348.97  4426.49  57823.0    143.0  8348.97  4426.49  1.00000
2405727.  3698.10  8319.65  4414.58  57823.0    143.0  8319.65  4414.58  1.00000
2422591.  3689.67  8292.71  4404.12  57823.0    143.0  8292.71  4404.12  1.00000
2439455.  3681.77  8267.16  4394.58  57823.0    143.0  8267.16  4394.58  1.00000
2456318.  3674.34  8242.89  4385.84  57823.0    143.0  8242.89  4385.84  1.00000
2473182.  3667.26  8219.53  4377.72  57823.0    143.0  8219.53  4377.72  1.00000
2490045.  3660.44  8196.86  4370.05  57823.0    143.0  8196.86  4370.05  1.00000
2506909.  3653.84  8174.73  4362.79  57823.0    143.0  8174.73  4362.79  1.00000
2523773.  3647.44  8153.15  4355.89  57823.0    143.0  8153.15  4355.89  1.00000
2540636.  3641.13  8131.70  4349.15  57823.0    143.0  8131.70  4349.15  1.00000
2557500.  3634.99  8110.74  4342.73  57823.0    143.0  8110.74  4342.73  1.00000
2574364.  3628.89  8089.79  4336.41  57823.0    143.0  8089.79  4336.41  1.00000
2591227.  3622.84  8068.90  4330.16  57823.0    143.0  8068.90  4330.16  1.00000
2608091.  3616.86  8048.23  4324.10  57823.0    143.0  8048.23  4324.10  1.00000
2624955.  3610.88  8027.37  4318.07  57823.0    143.0  8027.37  4318.07  1.00000
2641818.  3604.98  8006.75  4312.24  57823.0    143.0  8006.75  4312.24  1.00000
2658682.  3599.02  7985.83  4306.24  57823.0    143.0  7985.83  4306.24  1.00000
2675545.  3593.07  7964.84  4300.26  57823.0    143.0  7964.84  4300.26  1.00000
2692409.  3587.08  7943.60  4294.23  57823.0    143.0  7943.60  4294.23  1.00000
2709273.  3581.15  7922.56  4288.48  57823.0    143.0  7922.56  4288.48  1.00000
2726136.  3575.16  7901.19  4282.58  57823.0    143.0  7901.19  4282.58  1.00000
2743000.  3569.14  7879.67  4276.68  57823.0    143.0  7879.67  4276.68  1.00000
2759864.  3563.08  7857.85  4270.72  57823.0    143.0  7857.85  4270.72  1.00000
2776727.  3556.96  7835.75  4264.73  57823.0    143.0  7835.75  4264.73  1.00000
2793591.  3550.81  7813.44  4258.70  57823.0    143.0  7813.44  4258.70  1.00000
2810455.  3544.58  7790.75  4252.61  57823.0    143.0  7790.75  4252.61  1.00000
2827318.  3538.30  7767.77  4246.47  57823.0    143.0  7767.77  4246.47  1.00000
2844182.  3531.97  7744.51  4240.27  57823.0    143.0  7744.51  4240.27  1.00000
2861045.  3525.52  7720.63  4233.95  57823.0    143.0  7720.63  4233.95  1.00000
2877909.  3519.01  7696.45  4227.59  57823.0    143.0  7696.45  4227.59  1.00000
2894773.  3512.36  7671.60  4221.07  57823.0    143.0  7671.60  4221.07  1.00000
2911636.  3505.63  7646.29  4214.47  57823.0    143.0  7646.29  4214.47  1.00000
2928500.  3498.77  7620.30  4207.72  57823.0    143.0  7620.30  4207.72  1.00000
2945364.  3491.76  7593.56  4200.82  57823.0    143.0  7593.56  4200.82  1.00000
2962227.  3484.56  7565.89  4193.73  57823.0    143.0  7565.89  4193.73  1.00000
2979091.  3477.16  7537.17  4186.41  57823.0    143.0  7537.17  4186.41  1.00000
2995955.  3469.57  7507.46  4178.89  57823.0    143.0  7507.46  4178.89  1.00000
3012818.  3464.93  7494.94  4180.45  57823.0    143.0  7494.94  4180.45  1.00000
3029682.  3465.41  7511.90  4197.13  57823.0    143.0  7511.90  4197.13  1.00000
3046545.  3465.96  7529.15  4213.93  57823.0    143.0  7529.15  4213.93  1.00000
3063409.  3466.56  7546.64  4230.86  57823.0    143.0  7546.64  4230.86  1.00000
3080273.  3467.16  7564.06  4247.87  57823.0    143.0  7564.06  4247.87  1.00000
3097136.  3468.02  7582.87  4265.75  57823.0    143.0  7582.87  4265.75  1.00000
3114000.  3469.04  7602.14  4283.93  57823.0    143.0  7602.14  4283.93  1.00000
3130864.  3470.11  7621.30  4302.00  57823.0    143.0  7621.30  4302.00  1.00000
3147727.  3471.16  7640.08  4319.89  57823.0    143.0  7640.08  4319.89  1.00000
3164591.  3472.25  7658.80  4337.68  57823.0    143.0  7658.80  4337.68  1.00000
3181455.  3473.32  7677.31  4355.38  57823.0    143.0  7677.31  4355.38  1.00000
3198318.  3474.36  7695.62  4372.97  57823.0    143.0  7695.62  4372.97  1.00000
3215182.  3475.37  7713.68  4390.45  57823.0    143.0  7713.68  4390.45  1.00000
3232045.  3476.34  7731.49  4407.84  57823.0    143.0  7731.49  4407.84  1.00000
3248909.  3477.31  7749.29  4425.23  57823.0    143.0  7749.29  4425.23  1.00000
3265773.  3483.62  7795.80  4458.77  57823.0    143.0  7795.80  4458.77  1.00000
3282636.  3491.08  7848.63  4496.59  57823.0    143.0  7848.63  4496.59  1.00000
3299500.  3497.86  7898.34  4533.73  57823.0    143.0  7898.34  4533.73  1.00000
3299500.  2800.00  5810.65  3354.78  57823.0    600.0  5810.65  3354.78  1.00000
3304237.  2800.00  5778.70  3336.34  57823.0    600.0  5778.70  3336.34  1.00000
3308974.  2800.00  5746.75  3317.89  57823.0    600.0  5746.75  3317.89  1.00000
3313711.  2800.00  5714.80  3299.44  57823.0    600.0  5714.80  3299.44  1.00000
3318447.  2800.00  5682.85  3280.99  57823.0    600.0  5682.85  3280.99  1.00000
3323184.  2800.00  5650.90  3262.55  57823.0    600.0  5650.90  3262.55  1.00000
3327921.  2800.00  5618.94  3244.10  57823.0    600.0  5618.94  3244.10  1.00000
3332658.  2800.00  5586.99  3225.65  57823.0    600.0  5586.99  3225.65  1.00000
3337395.  2800.00  5555.04  3207.20  57823.0    600.0  5555.04  3207.20  1.00000
3342132.  2800.00  5523.09  3188.76  57823.0    600.0  5523.09  3188.76  1.00000
3346868.  2800.00  5491.14  3170.31  57823.0    600.0  5491.14  3170.31  1.00000
3351605.  2800.00  5459.18  3151.86  57823.0    600.0  5459.18  3151.86  1.00000
3356342.  2800.00  5427.23  3133.41  57823.0    600.0  5427.23  3133.41  1.00000
3361079.  2800.00  5395.28  3114.97  57823.0    600.0  5395.28  3114.97  1.00000
3365816.  2800.00  5363.33  3096.52  57823.0    600.0  5363.33  3096.52  1.00000
3370553.  3100.00  6475.18  3738.45  57823.0    600.0  6475.18  3738.45  1.00000
3375289.  3100.00  6452.27  3725.22  57823.0    600.0  6452.27  3725.22  1.00000
3380026.  3100.00  6429.36  3711.99  57823.0    600.0  6429.36  3711.99  1.00000
3384763.  3100.00  6406.45  3698.77  57823.0    600.0  6406.45  3698.77  1.00000
3388500.  2300.00  2700.00  1500.00  57823.0    600.0  2700.00  1500.00  1.00000
3389000.  2300.00  2700.00  1500.00  57823.0    600.0  2700.00  1500.00  1.00000
3389400.  2300.00  2700.00  1500.00  57823.0    600.0  2700.00  1500.00  1.00000
3389420.  2300.00  2700.00  1500.00  57823.0    600.0  2700.00  1500.00  1.00000
3389420.  1750.00   600.00   350.00  57823.0   1000.0   600.00   350.00  1.00000
3389470.  1750.00   600.00   350.00  57823.0   1000.0   600.00   350.00  1.00000
3389470.  1730.00   500.00   300.00  57823.0   1000.0   500.00   300.00  1.00000
3389480.  1730.00   500.00   300.00  57823.0   1000.0   500.00   300.00  1.00000
3389480.  1710.00   420.00   270.00  57823.0   1000.0   420.00   270.00  1.00000
3389490.  1710.00   420.00   270.00  57823.0   1000.0   420.00   270.00  1.00000
3389490.  1690.00   330.00   190.00  57823.0   1000.0   330.00   190.00  1.00000
3389498.  1690.00   330.00   190.00  57823.0   1000.0   330.00   190.00  1.00000
3389498.  1665.00   265.00   150.00  57823.0   1000.0   265.00   150.00  1.00000
3389500.  1665.00   265.00   150.00  57823.0   1000.0   265.00   150.00  1.00000
