model_DWTh2Ref2                                                                                 
0 1.0 1
233 0 100 200
      0.  6667.69  5308.53     0.00  57823.0    143.0  5308.53     0.00  1.00000
  17778.  6667.62  5308.48     0.00  57823.0    143.0  5308.48     0.00  1.00000
  35556.  6667.39  5308.33     0.00  57823.0    143.0  5308.33     0.00  1.00000
  53333.  6667.02  5308.08     0.00  57823.0    143.0  5308.08     0.00  1.00000
  71111.  6666.49  5307.72     0.00  57823.0    143.0  5307.72     0.00  1.00000
  88889.  6665.82  5307.27     0.00  57823.0    143.0  5307.27     0.00  1.00000
 106667.  6665.00  5306.72     0.00  57823.0    143.0  5306.72     0.00  1.00000
 124444.  6664.02  5306.06     0.00  57823.0    143.0  5306.06     0.00  1.00000
 142222.  6662.90  5305.31     0.00  57823.0    143.0  5305.31     0.00  1.00000
 160000.  6661.63  5304.46     0.00  57823.0    143.0  5304.46     0.00  1.00000
 177778.  6660.21  5303.50     0.00  57823.0    143.0  5303.50     0.00  1.00000
 195556.  6658.64  5302.45     0.00  57823.0    143.0  5302.45     0.00  1.00000
 213333.  6656.91  5301.29     0.00  57823.0    143.0  5301.29     0.00  1.00000
 231111.  6655.04  5300.03     0.00  57823.0    143.0  5300.03     0.00  1.00000
 248889.  6653.02  5298.68     0.00  57823.0    143.0  5298.68     0.00  1.00000
 266667.  6650.85  5297.22     0.00  57823.0    143.0  5297.22     0.00  1.00000
 284444.  6648.53  5295.67     0.00  57823.0    143.0  5295.67     0.00  1.00000
 302222.  6646.06  5294.01     0.00  57823.0    143.0  5294.01     0.00  1.00000
 320000.  6643.44  5292.26     0.00  57823.0    143.0  5292.26     0.00  1.00000
 337778.  6640.67  5290.40     0.00  57823.0    143.0  5290.40     0.00  1.00000
 355556.  6637.75  5288.44     0.00  57823.0    143.0  5288.44     0.00  1.00000
 373333.  6634.68  5286.39     0.00  57823.0    143.0  5286.39     0.00  1.00000
 391111.  6631.46  5284.23     0.00  57823.0    143.0  5284.23     0.00  1.00000
 408889.  6628.09  5281.98     0.00  57823.0    143.0  5281.98     0.00  1.00000
 426667.  6624.57  5279.63     0.00  57823.0    143.0  5279.63     0.00  1.00000
 444444.  6620.90  5277.18     0.00  57823.0    143.0  5277.18     0.00  1.00000
 462222.  6617.08  5274.62     0.00  57823.0    143.0  5274.62     0.00  1.00000
 480000.  6613.10  5271.98     0.00  57823.0    143.0  5271.98     0.00  1.00000
 497778.  6608.98  5269.23     0.00  57823.0    143.0  5269.23     0.00  1.00000
 515556.  6604.71  5266.38     0.00  57823.0    143.0  5266.38     0.00  1.00000
 533333.  6600.29  5263.43     0.00  57823.0    143.0  5263.43     0.00  1.00000
 551111.  6595.72  5260.39     0.00  57823.0    143.0  5260.39     0.00  1.00000
 568889.  6591.00  5257.24     0.00  57823.0    143.0  5257.24     0.00  1.00000
 586667.  6586.12  5254.00     0.00  57823.0    143.0  5254.00     0.00  1.00000
 604444.  6581.10  5250.66     0.00  57823.0    143.0  5250.66     0.00  1.00000
 622222.  6575.93  5247.23     0.00  57823.0    143.0  5247.23     0.00  1.00000
 640000.  6570.61  5243.69     0.00  57823.0    143.0  5243.69     0.00  1.00000
 657778.  6565.13  5240.06     0.00  57823.0    143.0  5240.06     0.00  1.00000
 675556.  6559.51  5236.33     0.00  57823.0    143.0  5236.33     0.00  1.00000
 693333.  6553.74  5232.50     0.00  57823.0    143.0  5232.50     0.00  1.00000
 711111.  6547.81  5228.58     0.00  57823.0    143.0  5228.58     0.00  1.00000
 728889.  6541.74  5224.56     0.00  57823.0    143.0  5224.56     0.00  1.00000
 746667.  6535.51  5220.44     0.00  57823.0    143.0  5220.44     0.00  1.00000
 764444.  6529.14  5216.22     0.00  57823.0    143.0  5216.22     0.00  1.00000
 782222.  6522.61  5211.91     0.00  57823.0    143.0  5211.91     0.00  1.00000
 800000.  6515.94  5207.50     0.00  57823.0    143.0  5207.50     0.00  1.00000
 817778.  6509.11  5202.99     0.00  57823.0    143.0  5202.99     0.00  1.00000
 835556.  6502.14  5198.39     0.00  57823.0    143.0  5198.39     0.00  1.00000
 853333.  6495.01  5193.70     0.00  57823.0    143.0  5193.70     0.00  1.00000
 871111.  6487.74  5188.90     0.00  57823.0    143.0  5188.90     0.00  1.00000
 888889.  6480.31  5184.01     0.00  57823.0    143.0  5184.01     0.00  1.00000
 906667.  6472.74  5179.02     0.00  57823.0    143.0  5179.02     0.00  1.00000
 924444.  6465.01  5173.94     0.00  57823.0    143.0  5173.94     0.00  1.00000
 942222.  6457.14  5168.77     0.00  57823.0    143.0  5168.77     0.00  1.00000
 960000.  6449.12  5163.49     0.00  57823.0    143.0  5163.49     0.00  1.00000
 977778.  6440.94  5158.12     0.00  57823.0    143.0  5158.12     0.00  1.00000
 995556.  6432.62  5152.66     0.00  57823.0    143.0  5152.66     0.00  1.00000
1013333.  6424.15  5147.10     0.00  57823.0    143.0  5147.10     0.00  1.00000
1031111.  6415.53  5141.45     0.00  57823.0    143.0  5141.45     0.00  1.00000
1048889.  6406.76  5135.69     0.00  57823.0    143.0  5135.69     0.00  1.00000
1066667.  6397.85  5129.85     0.00  57823.0    143.0  5129.85     0.00  1.00000
1084444.  6388.78  5123.91     0.00  57823.0    143.0  5123.91     0.00  1.00000
1102222.  6379.57  5117.87     0.00  57823.0    143.0  5117.87     0.00  1.00000
1120000.  6370.20  5111.74     0.00  57823.0    143.0  5111.74     0.00  1.00000
1137778.  6360.69  5105.51     0.00  57823.0    143.0  5105.51     0.00  1.00000
1155556.  6351.04  5099.19     0.00  57823.0    143.0  5099.19     0.00  1.00000
1173333.  6341.23  5092.77     0.00  57823.0    143.0  5092.77     0.00  1.00000
1191111.  6331.28  5086.26     0.00  57823.0    143.0  5086.26     0.00  1.00000
1208889.  6321.18  5079.65     0.00  57823.0    143.0  5079.65     0.00  1.00000
1226667.  6310.94  5072.94     0.00  57823.0    143.0  5072.94     0.00  1.00000
1244444.  6300.55  5066.14     0.00  57823.0    143.0  5066.14     0.00  1.00000
1262222.  6290.01  5059.24     0.00  57823.0    143.0  5059.24     0.00  1.00000
1280000.  6279.33  5052.25     0.00  57823.0    143.0  5052.25     0.00  1.00000
1297778.  6268.50  5045.16     0.00  57823.0    143.0  5045.16     0.00  1.00000
1315556.  6257.52  5037.97     0.00  57823.0    143.0  5037.97     0.00  1.00000
1333333.  6246.41  5030.69     0.00  57823.0    143.0  5030.69     0.00  1.00000
1351111.  6235.15  5023.30     0.00  57823.0    143.0  5023.30     0.00  1.00000
1368889.  6223.74  5015.82     0.00  57823.0    143.0  5015.82     0.00  1.00000
1386667.  6212.19  5008.24     0.00  57823.0    143.0  5008.24     0.00  1.00000
1404444.  6200.50  5000.57     0.00  57823.0    143.0  5000.57     0.00  1.00000
1422222.  6188.66  4992.79     0.00  57823.0    143.0  4992.79     0.00  1.00000
1440000.  6176.68  4984.91     0.00  57823.0    143.0  4984.91     0.00  1.00000
1457778.  6164.56  4976.94     0.00  57823.0    143.0  4976.94     0.00  1.00000
1475556.  6152.30  4968.86     0.00  57823.0    143.0  4968.86     0.00  1.00000
1493333.  6139.90  4960.68     0.00  57823.0    143.0  4960.68     0.00  1.00000
1511111.  6127.35  4952.40     0.00  57823.0    143.0  4952.40     0.00  1.00000
1528889.  6114.67  4944.02     0.00  57823.0    143.0  4944.02     0.00  1.00000
1546667.  6101.85  4935.53     0.00  57823.0    143.0  4935.53     0.00  1.00000
1564444.  6088.88  4926.94     0.00  57823.0    143.0  4926.94     0.00  1.00000
1582222.  6075.78  4918.25     0.00  57823.0    143.0  4918.25     0.00  1.00000
1600000.  6062.54  4909.44     0.00  57823.0    143.0  4909.44     0.00  1.00000
1617778.  6049.16  4900.53     0.00  57823.0    143.0  4900.53     0.00  1.00000
1635556.  6035.65  4891.52     0.00  57823.0    143.0  4891.52     0.00  1.00000
1653333.  6021.99  4882.39     0.00  57823.0    143.0  4882.39     0.00  1.00000
1671111.  6008.20  4873.15     0.00  57823.0    143.0  4873.15     0.00  1.00000
1688889.  5994.28  4863.80     0.00  57823.0    143.0  4863.80     0.00  1.00000
1706667.  5980.22  4854.34     0.00  57823.0    143.0  4854.34     0.00  1.00000
1724444.  5966.02  4844.76     0.00  57823.0    143.0  4844.76     0.00  1.00000
1742222.  5951.69  4835.07     0.00  57823.0    143.0  4835.07     0.00  1.00000
1760000.  5937.22  4825.26     0.00  57823.0    143.0  4825.26     0.00  1.00000
1760000.  4065.03  9569.38  5053.04  57823.0    143.0  9569.38  5053.04  1.00000
1775601.  4061.17  9558.86  5049.26  57823.0    143.0  9558.86  5049.26  1.00000
1791202.  4057.30  9548.31  5045.45  57823.0    143.0  9548.31  5045.45  1.00000
1806803.  4053.42  9537.74  5041.65  57823.0    143.0  9537.74  5041.65  1.00000
1822404.  4049.53  9527.16  5037.85  57823.0    143.0  9527.16  5037.85  1.00000
1838005.  4045.64  9516.55  5034.03  57823.0    143.0  9516.55  5034.03  1.00000
1853606.  4041.74  9505.92  5030.21  57823.0    143.0  9505.92  5030.21  1.00000
1869207.  4037.83  9495.25  5026.37  57823.0    143.0  9495.25  5026.37  1.00000
1884808.  4033.88  9484.50  5022.47  57823.0    143.0  9484.50  5022.47  1.00000
1900409.  4029.92  9473.74  5018.58  57823.0    143.0  9473.74  5018.58  1.00000
1916010.  4020.31  9445.43  5001.87  57823.0    143.0  9445.43  5001.87  1.00000
1931611.  4016.57  9434.39  4998.13  57823.0    143.0  9434.39  4998.13  1.00000
1947212.  4012.81  9423.29  4994.38  57823.0    143.0  9423.29  4994.38  1.00000
1962813.  4009.05  9412.17  4990.64  57823.0    143.0  9412.17  4990.64  1.00000
1978414.  4005.25  9400.89  4986.82  57823.0    143.0  9400.89  4986.82  1.00000
1994015.  4001.44  9389.60  4983.02  57823.0    143.0  9389.60  4983.02  1.00000
2009616.  3991.28  9350.07  4960.62  57823.0    143.0  9350.07  4960.62  1.00000
2025217.  3980.85  9308.45  4937.13  57823.0    143.0  9308.45  4937.13  1.00000
2040818.  3970.73  9267.45  4914.33  57823.0    143.0  9267.45  4914.33  1.00000
2056419.  3960.89  9226.92  4892.10  57823.0    143.0  9226.92  4892.10  1.00000
2072020.  3951.25  9186.58  4870.27  57823.0    143.0  9186.58  4870.27  1.00000
2087621.  3941.82  9146.45  4848.82  57823.0    143.0  9146.45  4848.82  1.00000
2103222.  3932.51  9106.19  4827.56  57823.0    143.0  9106.19  4827.56  1.00000
2118823.  3927.18  9087.57  4819.53  57823.0    143.0  9087.57  4819.53  1.00000
2134424.  3922.35  9073.79  4814.48  57823.0    143.0  9073.79  4814.48  1.00000
2150025.  3914.42  9052.32  4804.91  57823.0    143.0  9052.32  4804.91  1.00000
2165626.  3906.65  9031.02  4795.63  57823.0    143.0  9031.02  4795.63  1.00000
2181227.  3899.07  9009.98  4786.68  57823.0    143.0  9009.98  4786.68  1.00000
2196828.  3891.69  8989.24  4778.06  57823.0    143.0  8989.24  4778.06  1.00000
2212429.  3884.47  8968.69  4769.72  57823.0    143.0  8968.69  4769.72  1.00000
2228030.  3877.44  8948.44  4761.69  57823.0    143.0  8948.44  4761.69  1.00000
2243631.  3870.56  8928.40  4753.93  57823.0    143.0  8928.40  4753.93  1.00000
2259232.  3863.80  8908.50  4746.37  57823.0    143.0  8908.50  4746.37  1.00000
2274833.  3839.06  8816.56  4691.28  57823.0    143.0  8816.56  4691.28  1.00000
2290434.  3780.33  8594.71  4550.51  57823.0    143.0  8594.71  4550.51  1.00000
2306035.  3740.59  8450.46  4461.16  57823.0    143.0  8450.46  4461.16  1.00000
2321636.  3734.76  8433.04  4455.45  57823.0    143.0  8433.04  4455.45  1.00000
2337237.  3728.99  8415.60  4449.78  57823.0    143.0  8415.60  4449.78  1.00000
2352838.  3723.20  8397.96  4444.09  57823.0    143.0  8397.96  4444.09  1.00000
2368439.  3717.47  8380.41  4438.52  57823.0    143.0  8380.41  4438.52  1.00000
2384040.  3710.40  8358.44  4430.43  57823.0    143.0  8358.44  4430.43  1.00000
2399641.  3701.55  8330.61  4418.97  57823.0    143.0  8330.61  4418.97  1.00000
2415242.  3693.40  8304.68  4408.70  57823.0    143.0  8304.68  4408.70  1.00000
2430843.  3685.83  8280.31  4399.44  57823.0    143.0  8280.31  4399.44  1.00000
2446444.  3678.69  8257.11  4390.91  57823.0    143.0  8257.11  4390.91  1.00000
2462045.  3671.92  8234.92  4383.05  57823.0    143.0  8234.92  4383.05  1.00000
2477646.  3665.41  8213.41  4375.58  57823.0    143.0  8213.41  4375.58  1.00000
2493247.  3659.15  8192.54  4368.62  57823.0    143.0  8192.54  4368.62  1.00000
2508848.  3653.07  8172.14  4361.95  57823.0    143.0  8172.14  4361.95  1.00000
2524449.  3647.15  8152.15  4355.58  57823.0    143.0  8152.15  4355.58  1.00000
2540051.  3641.28  8132.20  4349.31  57823.0    143.0  8132.20  4349.31  1.00000
2555652.  3635.56  8112.71  4343.32  57823.0    143.0  8112.71  4343.32  1.00000
2571253.  3629.89  8093.24  4337.44  57823.0    143.0  8093.24  4337.44  1.00000
2586854.  3624.30  8073.99  4331.69  57823.0    143.0  8073.99  4331.69  1.00000
2602455.  3618.70  8054.58  4325.95  57823.0    143.0  8054.58  4325.95  1.00000
2618056.  3613.16  8035.31  4320.34  57823.0    143.0  8035.31  4320.34  1.00000
2633657.  3607.66  8016.14  4314.90  57823.0    143.0  8016.14  4314.90  1.00000
2649258.  3602.18  7996.93  4309.43  57823.0    143.0  7996.93  4309.43  1.00000
2664859.  3596.65  7977.47  4303.88  57823.0    143.0  7977.47  4303.88  1.00000
2680460.  3591.11  7957.92  4298.27  57823.0    143.0  7957.92  4298.27  1.00000
2696061.  3585.60  7938.40  4292.88  57823.0    143.0  7938.40  4292.88  1.00000
2711662.  3580.04  7918.61  4287.39  57823.0    143.0  7918.61  4287.39  1.00000
2727263.  3574.47  7898.73  4281.89  57823.0    143.0  7898.73  4281.89  1.00000
2742864.  3568.89  7878.77  4276.43  57823.0    143.0  7878.77  4276.43  1.00000
2758465.  3563.26  7858.50  4270.90  57823.0    143.0  7858.50  4270.90  1.00000
2774066.  3557.60  7838.05  4265.35  57823.0    143.0  7838.05  4265.35  1.00000
2789667.  3551.91  7817.45  4259.79  57823.0    143.0  7817.45  4259.79  1.00000
2805268.  3546.14  7796.42  4254.13  57823.0    143.0  7796.42  4254.13  1.00000
2820869.  3540.34  7775.25  4248.46  57823.0    143.0  7775.25  4248.46  1.00000
2836470.  3534.49  7753.80  4242.75  57823.0    143.0  7753.80  4242.75  1.00000
2852071.  3528.53  7731.79  4236.91  57823.0    143.0  7731.79  4236.91  1.00000
2867672.  3522.52  7709.50  4231.02  57823.0    143.0  7709.50  4231.02  1.00000
2883273.  3516.44  7686.86  4225.06  57823.0    143.0  7686.86  4225.06  1.00000
2898874.  3510.27  7663.74  4219.02  57823.0    143.0  7663.74  4219.02  1.00000
2914475.  3503.98  7640.04  4212.84  57823.0    143.0  7640.04  4212.84  1.00000
2930076.  3497.55  7615.65  4206.51  57823.0    143.0  7615.65  4206.51  1.00000
2945677.  3491.03  7590.73  4200.10  57823.0    143.0  7590.73  4200.10  1.00000
2961278.  3484.38  7565.16  4193.54  57823.0    143.0  7565.16  4193.54  1.00000
2976879.  3477.52  7538.57  4186.76  57823.0    143.0  7538.57  4186.76  1.00000
2992480.  3470.51  7511.16  4179.83  57823.0    143.0  7511.16  4179.83  1.00000
3008081.  3464.83  7491.58  4177.20  57823.0    143.0  7491.58  4177.20  1.00000
3023682.  3465.28  7507.37  4192.67  57823.0    143.0  7507.37  4192.67  1.00000
3039283.  3465.76  7523.24  4208.19  57823.0    143.0  7523.24  4208.19  1.00000
3054884.  3466.29  7539.30  4223.82  57823.0    143.0  7539.30  4223.82  1.00000
3070485.  3466.85  7555.50  4239.56  57823.0    143.0  7555.50  4239.56  1.00000
3086086.  3467.47  7571.96  4255.49  57823.0    143.0  7571.96  4255.49  1.00000
3101687.  3468.39  7589.97  4272.45  57823.0    143.0  7589.97  4272.45  1.00000
3117288.  3469.35  7607.85  4289.28  57823.0    143.0  7607.85  4289.28  1.00000
3132889.  3470.35  7625.50  4305.97  57823.0    143.0  7625.50  4305.97  1.00000
3148490.  3471.35  7642.96  4322.55  57823.0    143.0  7642.96  4322.55  1.00000
3164091.  3472.33  7660.20  4339.01  57823.0    143.0  7660.20  4339.01  1.00000
3179692.  3473.32  7677.33  4355.40  57823.0    143.0  7677.33  4355.40  1.00000
3195293.  3474.26  7694.19  4371.66  57823.0    143.0  7694.19  4371.66  1.00000
3210894.  3475.24  7711.12  4387.93  57823.0    143.0  7711.12  4387.93  1.00000
3226495.  3476.15  7727.69  4404.06  57823.0    143.0  7727.69  4404.06  1.00000
3242096.  3477.04  7744.19  4420.17  57823.0    143.0  7744.19  4420.17  1.00000
3257697.  3480.81  7776.06  4444.88  57823.0    143.0  7776.06  4444.88  1.00000
3273298.  3487.88  7825.82  4480.08  57823.0    143.0  7825.82  4480.08  1.00000
3288899.  3494.43  7873.07  4514.71  57823.0    143.0  7873.07  4514.71  1.00000
3304500.  3500.50  7917.82  4548.78  57823.0    143.0  7917.82  4548.78  1.00000
3304500.  2900.00  7025.00  4055.89  57823.0    600.0  7025.00  4055.89  1.00000
3308974.  2900.00  7002.63  4042.97  57823.0    600.0  7002.63  4042.97  1.00000
3313447.  2900.00  6980.26  4030.06  57823.0    600.0  6980.26  4030.06  1.00000
3317921.  2900.00  6957.90  4017.14  57823.0    600.0  6957.90  4017.14  1.00000
3322395.  2900.00  6935.53  4004.23  57823.0    600.0  6935.53  4004.23  1.00000
3326868.  2900.00  6913.16  3991.31  57823.0    600.0  6913.16  3991.31  1.00000
3331342.  2900.00  6890.79  3978.40  57823.0    600.0  6890.79  3978.40  1.00000
3335816.  2900.00  6868.42  3965.49  57823.0    600.0  6868.42  3965.49  1.00000
3340289.  2900.00  6846.05  3952.57  57823.0    600.0  6846.05  3952.57  1.00000
3344763.  2900.00  6823.68  3939.66  57823.0    600.0  6823.68  3939.66  1.00000
3349237.  2600.00  5681.84  3280.41  57823.0    600.0  5681.84  3280.41  1.00000
3353711.  2600.00  5650.53  3262.33  57823.0    600.0  5650.53  3262.33  1.00000
3358184.  2600.00  5619.21  3244.25  57823.0    600.0  5619.21  3244.25  1.00000
3362658.  2600.00  5587.90  3226.17  57823.0    600.0  5587.90  3226.17  1.00000
3367132.  2600.00  5556.58  3208.09  57823.0    600.0  5556.58  3208.09  1.00000
3371605.  2600.00  5525.26  3190.01  57823.0    600.0  5525.26  3190.01  1.00000
3376079.  2600.00  5493.95  3171.93  57823.0    600.0  5493.95  3171.93  1.00000
3380553.  2600.00  5462.63  3153.85  57823.0    600.0  5462.63  3153.85  1.00000
3385026.  2600.00  5431.32  3135.77  57823.0    600.0  5431.32  3135.77  1.00000
3388500.  2300.00  2700.00  1500.00  57823.0    600.0  2700.00  1500.00  1.00000
3389000.  2300.00  2700.00  1500.00  57823.0    600.0  2700.00  1500.00  1.00000
3389400.  2300.00  2700.00  1500.00  57823.0    600.0  2700.00  1500.00  1.00000
3389420.  2300.00  2700.00  1500.00  57823.0    600.0  2700.00  1500.00  1.00000
3389420.  1750.00   600.00   350.00  57823.0   1000.0   600.00   350.00  1.00000
3389470.  1750.00   600.00   350.00  57823.0   1000.0   600.00   350.00  1.00000
3389470.  1730.00   500.00   300.00  57823.0   1000.0   500.00   300.00  1.00000
3389480.  1730.00   500.00   300.00  57823.0   1000.0   500.00   300.00  1.00000
3389480.  1710.00   420.00   270.00  57823.0   1000.0   420.00   270.00  1.00000
3389490.  1710.00   420.00   270.00  57823.0   1000.0   420.00   270.00  1.00000
3389490.  1690.00   330.00   190.00  57823.0   1000.0   330.00   190.00  1.00000
3389498.  1690.00   330.00   190.00  57823.0   1000.0   330.00   190.00  1.00000
3389498.  1665.00   265.00   150.00  57823.0   1000.0   265.00   150.00  1.00000
3389500.  1665.00   265.00   150.00  57823.0   1000.0   265.00   150.00  1.00000
