model_dwhot_stairs                                                                        
0 1.0 1
95 0 7 76
      0.  7450.73  5614.63     0.00   1500.0    100.0  5614.63     0.00  1.00000
 281417.  7431.65  5596.82     0.00   1500.0    100.0  5596.82     0.00  1.00000
 562833.  7374.10  5543.10     0.00   1500.0    100.0  5543.10     0.00  1.00000
 844250.  7277.19  5452.62     0.00   1500.0    100.0  5452.62     0.00  1.00000
1125667.  7139.25  5323.79     0.00   1500.0    100.0  5323.79     0.00  1.00000
1407083.  6957.63  5154.07     0.00   1500.0    100.0  5154.07     0.00  1.00000
1689500.  6728.28  4939.52     0.00   1500.0    100.0  4939.52     0.00  1.00000
1689500.  4076.29  9648.08  5122.73   1500.0    155.7  9648.08  5122.73  1.00000
1739500.  4059.59  9603.59  5100.71   1500.0    156.7  9603.59  5100.71  1.00000
1789500.  4030.45  9524.06  5051.80   1500.0    157.1  9524.06  5051.80  1.00000
1839500.  4018.31  9489.90  5040.16   1500.0    157.1  9489.90  5040.16  1.00000
1889500.  4005.61  9454.23  5027.85   1500.0    156.5  9454.23  5027.85  1.00000
1939500.  3983.55  9377.55  4987.83   1500.0    155.3  9377.55  4987.83  1.00000
1989500.  3949.52  9248.52  4915.39   1500.0    153.5  9248.52  4915.39  1.00000
2014500.  3933.54  9184.09  4880.35   1500.0    152.4  9184.09  4880.35  1.00000
2039500.  3918.58  9121.24  4846.53   1500.0    151.2  9121.24  4846.53  1.00000
2064500.  3909.95  9095.91  4837.14   1500.0    149.8  9095.91  4837.14  1.00000
2089500.  3902.71  9076.05  4830.94   1500.0    148.3  9076.05  4830.94  1.00000
2114500.  3895.41  9056.01  4824.85   1500.0    146.6  9056.01  4824.85  1.00000
2139500.  3888.09  9035.73  4818.73   1500.0    144.8  9035.73  4818.73  1.00000
2164500.  3880.59  9014.98  4812.50   1500.0    142.9  9014.98  4812.50  1.00000
2189500.  3872.88  8993.90  4806.37   1500.0    140.9  8993.90  4806.37  1.00000
2194500.  3871.37  8989.71  4805.21   1500.0    140.5  8989.71  4805.21  1.00000
2199500.  3869.98  8985.70  4804.02   1500.0    140.0  8985.70  4804.02  1.00000
2204500.  3868.42  8981.36  4802.79   1500.0    139.6  8981.36  4802.79  1.00000
2209500.  3866.58  8976.60  4801.33   1500.0    139.2  8976.60  4801.33  1.00000
2214500.  3865.09  8972.40  4800.12   1500.0    138.7  8972.40  4800.12  1.00000
2219500.  3863.55  8968.09  4798.90   1500.0    138.3  8968.09  4798.90  1.00000
2224500.  3861.99  8963.74  4797.67   1500.0    137.9  8963.74  4797.67  1.00000
2229500.  3860.60  8959.73  4796.50   1500.0    137.4  8959.73  4796.50  1.00000
2234500.  3858.99  8955.28  4795.28   1500.0    136.9  8955.28  4795.28  1.00000
2239500.  3857.19  8950.70  4793.95   1500.0    136.5  8950.70  4793.95  1.00000
2244500.  3855.55  8946.22  4792.71   1500.0    136.0  8946.22  4792.71  1.00000
2249500.  3854.18  8942.23  4791.56   1500.0    135.6  8942.23  4791.56  1.00000
2254500.  3852.50  8937.60  4790.27   1500.0    135.1  8937.60  4790.27  1.00000
2259500.  3842.88  8900.01  4766.70   1500.0    134.6  8900.01  4766.70  1.00000
2264500.  3823.41  8823.98  4717.85   1500.0    134.1  8823.98  4717.85  1.00000
2269500.  3807.82  8763.01  4678.32   1500.0    133.6  8763.01  4678.32  1.00000
2274500.  3791.98  8702.35  4639.33   1500.0    133.2  8702.35  4639.33  1.00000
2279500.  3776.94  8645.47  4603.01   1500.0    132.7  8645.47  4603.01  1.00000
2284500.  3763.92  8596.64  4571.91   1500.0    132.2  8596.64  4571.91  1.00000
2289500.  3750.40  8546.45  4540.00   1500.0    131.7  8546.45  4540.00  1.00000
2294500.  3737.65  8499.56  4510.20   1500.0    131.2  8499.56  4510.20  1.00000
2299500.  3724.98  8453.37  4481.08   1500.0    130.8  8453.37  4481.08  1.00000
2304500.  3718.07  8428.80  4466.25   1500.0    130.3  8428.80  4466.25  1.00000
2309500.  3716.29  8423.84  4464.72   1500.0    129.8  8423.84  4464.72  1.00000
2314500.  3714.73  8419.49  4463.39   1500.0    129.3  8419.49  4463.39  1.00000
2319500.  3713.19  8415.11  4462.08   1500.0    128.8  8415.11  4462.08  1.00000
2324500.  3711.43  8410.06  4460.48   1500.0    128.3  8410.06  4460.48  1.00000
2329500.  3709.89  8405.65  4459.11   1500.0    127.8  8405.65  4459.11  1.00000
2334500.  3708.11  8400.84  4457.56   1500.0    127.3  8400.84  4457.56  1.00000
2339500.  3706.30  8395.66  4455.99   1500.0    126.8  8395.66  4455.99  1.00000
2349500.  3703.01  8386.20  4452.96   1500.0    125.7  8386.20  4452.96  1.00000
2369500.  3695.40  8363.84  4445.13   1500.0    123.7  8363.84  4445.13  1.00000
2389500.  3685.82  8334.94  4433.62   1500.0    121.6  8334.94  4433.62  1.00000
2414500.  3674.67  8301.39  4420.93   1500.0    118.9  8301.39  4420.93  1.00000
2439500.  3665.07  8272.50  4410.90   1500.0    116.3  8272.50  4410.90  1.00000
2489500.  3646.44  8214.95  4391.17   1500.0    110.9  8214.95  4391.17  1.00000
2539500.  3629.48  8162.59  4374.74   1500.0    105.4  8162.59  4374.74  1.00000
2589500.  3612.93  8111.46  4359.16   1500.0    100.0  8111.46  4359.16  1.00000
2639500.  3596.75  8060.68  4344.09   1500.0     94.7  8060.68  4344.09  1.00000
2689500.  3580.55  8009.58  4329.01   1500.0     89.4  8009.58  4329.01  1.00000
2739500.  3564.10  7957.73  4314.04   1500.0     84.3  7957.73  4314.04  1.00000
2789500.  3547.48  7904.70  4298.59   1500.0     79.3  7904.70  4298.59  1.00000
2839500.  3530.46  7849.72  4282.65   1500.0     74.5  7849.72  4282.65  1.00000
2889500.  3513.06  7792.69  4265.98   1500.0     69.9  7792.69  4265.98  1.00000
2939500.  3495.06  7732.40  4248.33   1500.0     65.5  7732.40  4248.33  1.00000
2989500.  3476.37  7668.38  4229.64   1500.0     61.3  7668.38  4229.64  1.00000
3039500.  3499.16  7802.87  4333.09   1500.0    137.0  7802.87  4333.09  1.00000
3089500.  3590.08  8286.87  4668.40   1500.0    600.0  8286.87  4668.40  1.00000
3139500.  3577.68  8253.78  4666.47   1500.0    600.0  8253.78  4666.47  1.00000
3189500.  3564.90  8219.36  4664.21   1500.0    600.0  8219.36  4664.21  1.00000
3239500.  3551.74  8183.18  4661.12   1500.0    600.0  8183.18  4661.12  1.00000
3289500.  3538.18  8145.00  4657.21   1500.0    600.0  8145.00  4657.21  1.00000
3314500.  3529.30  8115.64  4648.72   1500.0    600.0  8115.64  4648.72  1.00000
3339500.  3529.30  8115.64  4648.72   1500.0    600.0  8115.64  4648.72  1.00000
3339500.  3346.01  7693.06  4417.79   1500.0    600.0  7693.06  4417.79  1.00000
3344500.  3346.01  7693.06  4417.79   1500.0    600.0  7693.06  4417.79  1.00000
3344500.  3226.89  7417.35  4261.00   1500.0    600.0  7417.35  4261.00  1.00000
3349500.  3226.89  7417.35  4261.00   1500.0    600.0  7417.35  4261.00  1.00000
3349500.  3107.88  7142.24  4104.51   1500.0    600.0  7142.24  4104.51  1.00000
3354500.  3107.88  7142.24  4104.51   1500.0    600.0  7142.24  4104.51  1.00000
3354500.  2988.98  6867.40  3948.10   1500.0    600.0  6867.40  3948.10  1.00000
3359500.  2988.98  6867.40  3948.10   1500.0    600.0  6867.40  3948.10  1.00000
3359500.  2870.71  6595.33  3793.24   1500.0    600.0  6595.33  3793.24  1.00000
3364500.  2870.71  6595.33  3793.24   1500.0    600.0  6595.33  3793.24  1.00000
3364500.  2752.50  6323.48  3638.43   1500.0    600.0  6323.48  3638.43  1.00000
3369500.  2752.50  6323.48  3638.43   1500.0    600.0  6323.48  3638.43  1.00000
3369500.  2634.36  6051.79  3483.60   1500.0    600.0  6051.79  3483.60  1.00000
3374500.  2634.36  6051.79  3483.60   1500.0    600.0  6051.79  3483.60  1.00000
3374500.  2485.46  5681.40  3266.92   1500.0    600.0  5681.40  3266.92  1.00000
3379500.  2485.46  5681.40  3266.92   1500.0    600.0  5681.40  3266.92  1.00000
3379500.  2368.74  5414.19  3114.53   1500.0    600.0  5414.19  3114.53  1.00000
3384500.  2368.74  5414.19  3114.53   1500.0    600.0  5414.19  3114.53  1.00000
3384500.  2252.11  4622.78  2220.71   1500.0    600.0  4622.78  2220.71  1.00000
